array([[-3.57221843e-01, -5.77464394e-01,  3.17363335e-01,
        -2.12980442e-01],
       [ 4.15500739e-02,  8.97789247e-02,  3.73009417e-01,
        -3.84839813e-01],
       [ 3.28149459e-01,  3.81347434e-01,  8.04266550e-01,
         5.91372875e-03],
       [ 2.46386871e-01, -7.28265899e-02,  1.31899281e+00,
         3.37061321e-01],
       [ 7.71388747e-01,  1.00934115e+00,  6.69559672e-02,
         1.44193218e-01],
       [-1.29434144e-01, -5.60643134e-01,  6.69559672e-02,
         2.41960223e-01],
       [-2.06893437e-01, -4.65322660e-01,  5.26036142e-01,
        -8.11794888e-03],
       [ 6.27796580e-02,  7.85647513e-02,  4.84301580e-01,
         1.43551299e-02],
       [-1.11647195e-01,  1.79492312e-01, -4.06035728e-01,
        -3.84385467e-01],
       [-1.92549123e-01, -1.90575411e-01,  2.52214059e-02,
        -3.89515785e-01],
       [-4.70977838e-02,  5.61364045e-02,  4.00832458e-01,
        -3.82225037e-01],
       [ 1.85853868e-01,  3.92561607e-01,  1.92159651e-01,
        -1.99045581e-02],
       [-2.44762424e-01, -3.41966752e-01,  2.52214059e-02,
         3.09604134e-01],
       [-1.06483242e-01, -2.41039191e-01,  1.08690528e-01,
         4.10860256e-01],
       [ 3.52385760e-02,  3.93151443e-02,  5.26036142e-01,
        -3.10640975e-01],
       [ 2.37206511e-01,  7.29576646e-02,  5.81682223e-01,
        -1.20350491e-01],
       [-2.26688589e-01, -1.79361237e-01, -1.55628360e-01,
        -3.42071877e-01],
       [ 5.76157051e-02,  2.81009709e-02,  5.81682223e-01,
        -1.55731198e-01],
       [ 3.86961144e-01,  5.71988382e-01,  3.86920937e-01,
         2.50096350e-01],
       [ 6.10732435e-01,  9.53270278e-01,  2.61717253e-01,
         2.31262472e-01],
       [ 4.18369602e-02,  8.97789247e-02,  3.73009417e-01,
        -3.79772300e-01],
       [-3.37426690e-01, -5.43821873e-01,  4.70390060e-01,
        -3.91527366e-01],
       [ 5.89502851e-01,  7.45808070e-01,  2.52214059e-02,
         3.42673992e-01],
       [ 4.15500739e-02,  8.97789247e-02,  3.73009417e-01,
        -3.85201437e-01],
       [ 6.45158788e-01,  3.92561607e-01,  5.53859182e-01,
         5.90136659e-01],
       [-2.32713201e-01,  3.75740347e-01, -1.28246152e+00,
        -3.79450638e-01],
       [ 4.52371214e-01,  5.71988382e-01,  6.09505264e-01,
         2.18072638e-01],
       [ 4.41320504e-02,  1.96313572e-01, -1.97362921e-01,
         1.37714121e-02],
       [ 2.15116268e-01,  7.85647513e-02,  6.65151346e-01,
        -1.93224118e-02],
       [ 7.63929704e-01,  9.70091538e-01, -2.66920523e-01,
         1.29783661e+00],
       [ 3.86961144e-01,  5.71988382e-01,  3.86920937e-01,
         2.50096350e-01],
       [ 1.40089919e-02, -2.41039191e-01,  3.73009417e-01,
        -2.07480025e-01],
       [-1.40909594e-01, -1.00862023e-01, -1.69539880e-01,
         5.92522888e-02],
       [ 7.94339649e-01,  8.85985238e-01,  1.08690528e-01,
         7.88784524e-02],
       [ 5.27535417e-01,  6.61701769e-01,  1.08690528e-01,
         7.91940246e-01],
       [-2.81483867e-01, -1.96182497e-01, -2.25185962e-01,
         2.22874335e-01],
       [ 5.59666679e-01,  4.49222311e-02,  3.91329263e-02,
         6.79849593e-01],
       [-3.17344651e-01, -1.51325804e-01,  1.92159651e-01,
        -3.33783645e-01],
       [ 1.52288175e-01,  5.10310428e-01, -1.69539880e-01,
         1.29403156e-01],
       [ 8.08683962e-01,  1.01494823e+00, -4.43361963e-02,
         3.40949501e-02],
       [ 4.50076124e-01,  7.45808070e-01,  1.50425090e-01,
         2.37135570e-01],
       [-4.02125133e-02, -7.84336766e-02,  5.81682223e-01,
         3.10733710e-03],
       [ 6.68970348e-01,  6.11237989e-01,  6.79062866e-01,
         1.00875577e-01],
       [-4.91059877e-02, -4.37287226e-01,  3.73009417e-01,
         7.54105231e-01],
       [-1.16811148e-01, -1.45718717e-01,  3.73009417e-01,
        -3.84976200e-01],
       [ 7.53314912e-01,  1.26166005e+00, -1.41716839e-01,
         9.10511851e-01],
       [-2.96115067e-01, -2.74681711e-01, -1.13893798e-01,
        -9.82509914e-02],
       [-2.20377091e-01, -5.83071480e-01,  8.46001112e-01,
        -3.92076005e-01],
       [-2.47057515e-01, -6.50356521e-01,  1.19378912e+00,
        -1.68079074e-01],
       [-3.73287474e-01, -4.82143920e-01,  2.33894212e-01,
        -1.59660067e-01],
       [ 2.57862322e-01,  3.98168694e-01,  5.95593744e-01,
        -1.85478354e-01],
       [-8.64012029e-02, -2.29825018e-01,  6.51239826e-01,
         2.92159952e-01],
       [-2.01304743e-02, -3.70002185e-01,  1.44419649e+00,
         4.52024261e-02],
       [ 4.01305458e-01,  2.81009709e-02,  1.41637345e+00,
        -1.62466403e-01],
       [ 2.40649146e-01,  2.46777353e-01,  3.59097896e-01,
         1.46230505e-01],
       [ 5.15910934e-02,  8.97789247e-02,  5.53859182e-01,
         5.92377543e-03],
       [ 3.47083952e-01,  3.98168694e-01,  3.31274855e-01,
        -1.66309399e-01],
       [ 6.04994710e-01,  5.38345862e-01,  8.04266550e-01,
         3.28626318e-01],
       [ 2.23435970e-01,  2.52384439e-01,  9.47790081e-02,
        -2.18593169e-01],
       [ 2.23286938e-02, -5.83071480e-01,  1.59722322e+00,
         3.31382925e-01],
       [ 3.20977302e-01,  4.99096255e-01,  2.47805733e-01,
         4.04413373e-01],
       [ 3.20977302e-01,  4.99096255e-01,  2.47805733e-01,
         4.04413373e-01],
       [ 3.28149459e-01,  3.81347434e-01,  8.04266550e-01,
         5.91372875e-03],
       [-2.44188652e-01, -5.71857307e-01,  9.29470234e-01,
        -3.14222645e-01],
       [ 2.26155801e-02, -3.35769829e-02,  8.04266550e-01,
         6.14791722e-02],
       [ 2.52124597e-01,  3.19669480e-01,  3.03451815e-01,
        -1.84917087e-01],
       [ 4.84502476e-01,  7.23379723e-01,  2.89540294e-01,
         2.47282494e-01],
       [ 1.34501226e-01,  4.26204127e-01, -2.39097482e-01,
         4.21266824e-02],
       [ 4.99994335e-01,  6.61701769e-01,  6.37328305e-01,
         3.25274656e-01],
       [-3.30541419e-01, -6.11106914e-01,  4.56478539e-01,
        -1.89407280e-01],
       [ 4.64271405e-02, -6.72195031e-02, -2.80832044e-01,
         7.17357109e-01],
       [-2.81196981e-01, -5.66250220e-01,  7.20797428e-01,
        -3.53279932e-01],
       [-2.80049436e-01, -4.14858879e-01,  3.03451815e-01,
        -3.89478741e-01],
       [ 1.85853868e-01,  5.67262409e-03,  1.13814304e+00,
         7.83171292e-02],
       [ 1.25894638e-01,  2.74812786e-01,  4.84301580e-01,
        -3.70135232e-01],
       [-2.21237750e-01, -3.75609272e-01,  7.62531989e-01,
        -1.56853732e-01],
       [ 5.13042071e-02,  3.37080576e-02,  6.09505264e-01,
        -2.38222476e-01],
       [-2.66852667e-01, -3.81216359e-01,  2.33894212e-01,
        -4.12265905e-01],
       [ 2.14829382e-01,  2.35563179e-01, -3.92124207e-01,
        -1.61343869e-01],
       [-2.59393624e-01, -5.88678567e-01,  6.92974387e-01,
        -3.82823573e-01],
       [ 1.66919374e-01,  8.41718380e-02,  5.67770703e-01,
         2.86566813e-01],
       [-3.20213514e-01, -6.83999041e-01,  7.76443509e-01,
         1.29392492e-01],
       [ 5.59092907e-01,  5.21524601e-01, -3.50389646e-01,
         4.82990768e-01],
       [ 1.59173445e-01,  5.32738775e-01, -4.61681809e-01,
        -1.00727021e-01],
       [ 3.12370714e-01,  1.03737658e+00, -1.07378871e+00,
         3.93955566e-02],
       [ 2.49255734e-01, -5.60053297e-02,  9.99027836e-01,
         1.31833106e-01],
       [-2.23532840e-01, -3.91840696e-02, -4.47770289e-01,
        -3.99002322e-01],
       [-3.41729984e-01, -6.67177781e-01,  7.06885907e-01,
        -3.84626531e-01],
       [ 5.97535667e-01,  8.74771064e-01, -7.21592372e-02,
         4.49198952e-01],
       [-3.30254533e-01, -3.92430532e-01,  2.06071172e-01,
        -3.86973245e-01],
       [ 2.01919499e-01,  4.03775780e-01, -3.78212687e-01,
         5.90376603e-02],
       [-1.60991633e-01, -2.97110058e-01,  4.14743978e-01,
         4.52024261e-02],
       [-3.79025199e-01, -4.54108486e-01, -8.60707576e-02,
         8.66393757e-03],
       [ 3.15239576e-01,  3.42097827e-01, -1.41716839e-01,
        -1.02637069e-01],
       [-4.13451552e-01, -6.11106914e-01,  7.20797428e-01,
        -3.96163433e-01],
       [ 2.61304957e-01,  3.02848220e-01, -4.89504850e-01,
         7.10206568e-02],
       [ 5.41879730e-01,  4.14989954e-01,  1.04076240e+00,
        -5.70198047e-02],
       [-1.96852417e-01, -4.47911563e-02, -4.33858769e-01,
        -4.07407072e-01],
       [-2.60541169e-01, -6.61570694e-01,  8.46001112e-01,
        -3.56292813e-01],
       [-2.72016620e-01, -6.55963608e-01,  5.95593744e-01,
        -3.25233919e-01],
       [ 1.66345602e-01,  9.53860114e-02,  5.95593744e-01,
        -8.95016791e-02],
       [-2.78764036e-02,  2.18741919e-01,  8.08674876e-02,
        -2.35078929e-02],
       [ 9.20569608e-01,  1.39062304e+00,  1.13098854e-02,
         4.77490351e-01],
       [-2.47057515e-01, -6.50356521e-01,  1.19378912e+00,
        -1.56853732e-01],
       [-1.40909594e-01, -1.00862023e-01, -1.69539880e-01,
         5.92522888e-02],
       [-2.61975601e-01, -5.83071480e-01,  5.81682223e-01,
        -1.54030502e-01],
       [ 8.92454753e-01,  5.38345862e-01,  1.77807298e+00,
         1.05771919e+00],
       [-3.06156086e-01, -6.16714001e-01,  9.01647193e-01,
        -4.91807276e-01],
       [-6.42960568e-01, -6.39142348e-01, -7.95558300e-01,
        -4.58815434e-01],
       [ 7.98069170e-01,  5.77595468e-01,  9.15558714e-01,
         6.22930036e-01],
       [ 8.94749844e-01,  5.49560035e-01,  1.93109971e+00,
         9.86599297e-01],
       [-7.32182199e-01, -6.67177781e-01, -1.15725783e+00,
        -4.12767959e-01],
       [ 9.99176446e-01,  1.33455217e+00,  8.32089591e-01,
         1.89949957e-01],
       [ 1.08266035e+00,  1.64854903e+00,  2.33894212e-01,
        -9.13706986e-02],
       [-4.06279395e-01, -5.43821873e-01, -9.99822780e-02,
        -1.28790377e-01],
       [ 1.60909666e+00,  1.67658446e+00,  2.01456883e+00,
         1.00384659e+00],
       [-7.74928253e-01, -7.00820301e-01, -8.79027422e-01,
        -3.84885331e-01],
       [ 1.68799038e+00,  1.74386950e+00,  2.11194947e+00,
         9.03941097e-01],
       [-6.03944036e-01, -6.33535261e-01, -4.47770289e-01,
        -5.36144571e-01],
       [-3.88205560e-01, -7.45676995e-01,  5.26036142e-01,
        -4.83668342e-01],
       [ 5.24666554e-01,  5.55167122e-01,  1.29116977e+00,
         6.76531103e-02],
       [-6.97468960e-01, -5.66250220e-01, -1.43548824e+00,
        -4.99226666e-01],
       [-3.87631787e-01, -1.45718717e-01, -7.39912218e-01,
        -3.98759854e-01],
       [ 1.77922022e+00,  1.99618841e+00,  3.59097896e-01,
         1.95731092e+00],
       [ 1.05253729e+00,  4.65453734e-01,  8.32089591e-01,
         5.16666795e-01],
       [ 1.68799038e+00,  1.74386950e+00,  2.11194947e+00,
         9.03941097e-01],
       [-5.76402954e-01, -6.22321087e-01, -2.94743564e-01,
        -5.24970866e-01],
       [ 9.54135302e-01,  1.13269705e+00,  3.73009417e-01,
         1.79264217e-01],
       [ 1.87016316e+00,  1.19437501e+00,  8.73824152e-01,
         1.15080506e+00],
       [ 9.92004289e-01,  1.48594352e+00,  2.61717253e-01,
         5.44730150e-01],
       [-2.97549498e-01, -4.03644706e-01, -8.60707576e-02,
        -4.61090811e-01],
       [ 1.40827627e+00,  2.17000809e+00,  7.48620469e-01,
         1.07052517e+00],
       [-4.62509104e-01, -7.00820301e-01,  1.78248131e-01,
        -4.70241429e-01],
       [-5.31074923e-01, -7.17641561e-01, -3.04246759e-02,
        -5.29068115e-01],
       [-3.63820227e-01, -6.16714001e-01,  3.86920937e-01,
        -4.95228199e-01],
       [ 1.99065540e+00,  2.45036243e+00,  1.58331169e+00,
         4.63997489e-01],
       [-6.68780333e-01, -2.97110058e-01, -1.15725783e+00,
        -4.30360259e-01],
       [-4.55623834e-01, -7.23248648e-01,  3.31274855e-01,
        -5.00190362e-01],
       [ 9.72209137e-01,  9.08413584e-01,  1.49984257e+00,
         8.49245618e-01],
       [ 1.74106434e+00,  8.24307284e-01,  2.89540294e-01,
         3.66247210e-01],
       [ 4.74461457e-01,  4.87882081e-01,  9.01647193e-01,
         9.49965000e-01],
       [-2.48491946e-01, -7.84336766e-02, -3.36478125e-01,
        -4.40703345e-01],
       [ 9.40651647e-01,  1.07662619e+00,  1.23552368e+00,
         2.34699391e-01],
       [-5.25337197e-01, -6.44749434e-01, -7.21592372e-02,
        -1.56853732e-01],
       [-5.46566781e-01, -6.44749434e-01,  5.30444468e-02,
         1.01329137e-01],
       [-3.46607051e-01, -3.36359665e-01, -1.13893798e-01,
        -2.46656469e-01],
       [ 1.05253729e+00,  4.65453734e-01,  8.32089591e-01,
         5.16666795e-01],
       [ 2.80426486e+00,  1.85601124e+00,  4.03173929e+00,
         1.80536974e+00],
       [ 1.02958639e+00,  7.40200983e-01,  1.63895778e+00,
         4.79623109e-01],
       [-6.81116442e-01, -3.58788012e-01, -1.29637304e+00,
        -4.03811258e-01],
       [-2.72590393e-01, -4.93358093e-01,  1.36513569e-01,
        -2.63494482e-01],
       [-4.22631912e-01, -6.39142348e-01,  2.33894212e-01,
        -4.95105843e-01],
       [-4.71976351e-01, -3.64395099e-01, -6.14708534e-01,
        -5.38515363e-01],
       [ 1.64926074e+00,  9.81305712e-01,  2.45973748e+00,
         1.33050410e+00],
       [-3.53205435e-01, -7.45676995e-01,  5.26036142e-01,
        -4.74081900e-01],
       [-3.90787536e-01, -6.55963608e-01,  4.56478539e-01,
        -4.86446053e-01],
       [-3.96238375e-01, -3.47573839e-01, -3.78212687e-01,
        -4.13773749e-01],
       [ 9.03356432e-01,  1.34015926e+00,  5.67770703e-01,
         3.47725396e-01],
       [-3.87631787e-01, -1.45718717e-01, -7.39912218e-01,
        -3.98759854e-01],
       [ 1.76401524e+00,  2.67464590e+00, -4.43361963e-02,
         9.37617123e-01],
       [-6.51567157e-01, -4.54108486e-01, -1.15725783e+00,
        -4.22774509e-01],
       [-5.43411032e-01, -6.78391955e-01, -1.55628360e-01,
        -5.17319111e-01],
       [ 4.40035104e-01,  9.53860114e-02,  1.48593105e+00,
         6.76531103e-02],
       [-7.86403704e-01, -7.06427388e-01, -9.34673504e-01,
        -3.90734857e-01],
       [-4.68533716e-01, -4.37287226e-01, -4.75593330e-01,
        -5.12365312e-01],
       [ 1.89942556e+00,  1.94572463e+00,  1.81980754e+00,
         5.44730150e-01],
       [-3.44598847e-01, -4.98965180e-01,  2.89540294e-01,
        -3.81361135e-01],
       [-3.96812148e-01, -2.24217931e-01, -4.75593330e-01,
        -5.03710180e-01],
       [-5.26771629e-01, -4.59715573e-01, -4.47770289e-01,
        -2.69668420e-01],
       [ 2.20295124e+00,  2.24850731e+00,  1.36072737e+00,
         2.62122267e+00],
       [-6.03944036e-01, -6.33535261e-01, -4.47770289e-01,
        -5.36144571e-01],
       [-7.43944536e-01, -4.42894313e-01, -1.15725783e+00,
        -5.75558992e-01],
       [ 9.03356432e-01,  1.34015926e+00,  5.67770703e-01,
         3.47725396e-01],
       [ 7.18888560e-01,  5.32738775e-01,  9.99027836e-01,
         2.52871255e-01],
       [ 4.74461457e-01,  4.87882081e-01,  9.01647193e-01,
         9.49965000e-01],
       [-3.53205435e-01, -7.45676995e-01,  5.26036142e-01,
        -4.74081900e-01],
       [ 1.05253729e+00,  8.35521457e-01,  6.23416785e-01,
         3.38998366e-01],
       [-3.03287224e-01, -4.47911563e-02, -4.19947248e-01,
        -4.62651134e-01],
       [-5.81853793e-01, -6.39142348e-01, -3.36478125e-01,
        -5.29921241e-01],
       [ 3.40772454e-01, -8.40407633e-02,  1.65286930e+00,
         3.17771805e-01],
       [ 8.41102111e-01,  9.08413584e-01,  1.08249696e+00,
         3.34816252e-01],
       [ 2.01590139e+00,  1.18316083e+00,  1.20770064e+00,
         3.91274206e+00],
       [ 4.76255055e+00,  3.79045615e+00,  8.73824152e-01,
         7.62802923e+00],
       [-2.62262487e-01, -1.17683284e-01, -1.55628360e-01,
        -4.44528941e-01],
       [-8.60707248e-01, -7.45676995e-01, -1.15725783e+00,
        -4.76775982e-01],
       [-6.36649070e-01, -6.55963608e-01, -5.17327891e-01,
        -5.35344429e-01],
       [-5.80706248e-01, -4.70929746e-01, -1.15725783e+00,
        -4.25282082e-01],
       [-4.80296053e-01, -3.08324232e-01, -4.61681809e-01,
         3.47159360e-02],
       [-7.34764175e-01, -6.11106914e-01, -1.12943479e+00,
        -5.22687631e-01],
       [-3.44598847e-01, -4.98965180e-01,  2.89540294e-01,
        -3.81361135e-01],
       [ 5.85788233e+00,  5.08008610e+00,  3.73009417e-01,
         1.21910226e+01],
       [-4.62222218e-01, -4.20465966e-01, -5.86885493e-01,
        -4.36364750e-01],
       [-7.17550999e-01, -4.70929746e-01, -1.15725783e+00,
        -4.32590959e-01],
       [ 1.76774477e+00,  1.04298367e+00,  2.55711813e+00,
         1.73622484e+00],
       [-4.55050061e-01, -7.00820301e-01,  2.06071172e-01,
        -4.80584179e-01],
       [ 3.37057836e+00,  2.31018526e+00,  4.11520841e+00,
         2.19974969e+00],
       [-3.43738188e-01, -6.16714001e-01,  8.18178071e-01,
        -4.95579833e-01],
       [-4.34968022e-01, -7.17641561e-01,  5.39947662e-01,
        -5.08460296e-01],
       [ 2.60731185e-01,  2.41170266e-01,  1.16596608e+00,
         5.30361712e-01],
       [ 8.02946237e-01,  1.17814358e-01,  2.89099462e+00,
         7.41173637e-01],
       [ 1.27487415e+00,  1.47472934e+00,  2.19982692e-01,
         1.02447338e+00],
       [-2.76606800e-01, -4.47911563e-02, -3.64301166e-01,
        -4.64571229e-01],
       [-8.60707248e-01, -6.72784868e-01, -1.15725783e+00,
        -4.65550640e-01],
       [ 1.02384867e+00,  1.46351517e+00,  9.29470234e-01,
         4.70117546e-01],
       [-4.07426940e-01, -6.72784868e-01,  3.31274855e-01,
        -7.26636660e-02],
       [-4.56771379e-01, -4.65322660e-01, -6.28620055e-01,
        -2.02316423e-01],
       [-8.40912095e-01, -7.90533689e-01, -1.25463847e+00,
        -3.05222951e-01],
       [-2.21811523e-01,  2.18741919e-01, -1.07378871e+00,
        -4.40494554e-01],
       [-4.27222093e-01, -7.45676995e-01,  3.86920937e-01,
        -4.94354867e-01],
       [-5.95624334e-01, -7.17641561e-01, -2.66920523e-01,
        -5.42049382e-01],
       [-7.00337823e-01, -4.82143920e-01, -1.15725783e+00,
        -4.35451120e-01],
       [-6.11403079e-01, -1.84968324e-01, -1.15725783e+00,
        -4.05074446e-01]])